# Blender 5.0.1
# www.blender.org
mtllib keypad.mtl
o Button5
v 0.071885 -0.087600 0.030008
v 0.071885 -0.027600 0.030008
v 0.083032 -0.087600 0.040045
v 0.083032 -0.027600 0.040045
v 0.042884 -0.087600 0.084634
v 0.042884 -0.027600 0.084634
v 0.031737 -0.087600 0.074597
v 0.031737 -0.027600 0.074597
vn 0.6691 -0.0000 -0.7431
vn 0.7431 -0.0000 0.6691
vn -0.6691 -0.0000 0.7431
vn -0.7431 -0.0000 -0.6691
vn -0.0000 1.0000 -0.0000
vn -0.0000 -1.0000 -0.0000
vt 0.000000 0.000000
vt 1.000000 1.000000
vt 0.000000 1.000000
vt 1.000000 0.000000
s 1
usemtl ButtonMaterial
f 1/1/1 4/2/1 3/3/1
f 1/1/1 2/4/1 4/2/1
f 3/1/2 6/2/2 5/3/2
f 3/1/2 4/4/2 6/2/2
f 5/1/3 8/2/3 7/3/3
f 5/1/3 6/4/3 8/2/3
f 7/1/4 2/2/4 1/3/4
f 7/1/4 8/4/4 2/2/4
f 2/1/5 6/2/5 4/3/5
f 2/1/5 8/4/5 6/2/5
f 7/1/6 3/2/6 5/3/6
f 7/1/6 1/4/6 3/2/6
o Base
v 0.044634 -0.300000 -0.161657
v 0.044634 0.300000 -0.161657
v 0.156105 -0.300000 -0.061287
v 0.156106 0.300000 -0.061287
v -0.044634 -0.300000 0.161657
v -0.044634 0.300000 0.161657
v -0.156106 -0.300000 0.061287
v -0.156105 0.300000 0.061287
vn 0.6691 -0.0000 -0.7431
vn 0.7431 -0.0000 0.6691
vn -0.6691 -0.0000 0.7431
vn -0.7431 -0.0000 -0.6691
vn -0.0000 1.0000 -0.0000
vn -0.0000 -1.0000 -0.0000
vt 0.000000 0.000000
vt 1.000000 1.000000
vt 0.000000 1.000000
vt 1.000000 0.000000
s 1
usemtl KeypadMaterial
f 9/5/7 12/6/7 11/7/7
f 9/5/7 10/8/7 12/6/7
f 11/5/8 14/6/8 13/7/8
f 11/5/8 12/8/8 14/6/8
f 13/5/9 16/6/9 15/7/9
f 13/5/9 14/8/9 16/6/9
f 15/5/10 10/6/10 9/7/10
f 15/5/10 16/8/10 10/6/10
f 10/5/11 14/6/11 12/7/11
f 10/5/11 16/8/11 14/6/11
f 15/5/12 11/6/12 13/7/12
f 15/5/12 9/8/12 11/6/12
o Button_9
v 0.135921 -0.167400 -0.041111
v 0.135921 -0.107400 -0.041111
v 0.147068 -0.167400 -0.031074
v 0.147068 -0.107400 -0.031074
v 0.106920 -0.167400 0.013515
v 0.106920 -0.107400 0.013515
v 0.095773 -0.167400 0.003478
v 0.095773 -0.107400 0.003478
vn 0.6691 -0.0000 -0.7431
vn 0.7431 -0.0000 0.6691
vn -0.6691 -0.0000 0.7431
vn -0.7431 -0.0000 -0.6691
vn -0.0000 1.0000 -0.0000
vn -0.0000 -1.0000 -0.0000
vt 0.000000 0.000000
vt 1.000000 1.000000
vt 0.000000 1.000000
vt 1.000000 0.000000
s 1
usemtl ButtonMaterial
f 17/9/13 20/10/13 19/11/13
f 17/9/13 18/12/13 20/10/13
f 19/9/14 22/10/14 21/11/14
f 19/9/14 20/12/14 22/10/14
f 21/9/15 24/10/15 23/11/15
f 21/9/15 22/12/15 24/10/15
f 23/9/16 18/10/16 17/11/16
f 23/9/16 24/12/16 18/10/16
f 18/9/17 22/10/17 20/11/17
f 18/9/17 24/12/17 22/10/17
f 23/9/18 19/10/18 21/11/18
f 23/9/18 17/12/18 19/10/18
o Button6
v 0.135921 -0.087600 -0.041111
v 0.135921 -0.027600 -0.041111
v 0.147068 -0.087600 -0.031074
v 0.147068 -0.027600 -0.031074
v 0.106920 -0.087600 0.013515
v 0.106920 -0.027600 0.013515
v 0.095773 -0.087600 0.003478
v 0.095773 -0.027600 0.003478
vn 0.6691 -0.0000 -0.7431
vn 0.7431 -0.0000 0.6691
vn -0.6691 -0.0000 0.7431
vn -0.7431 -0.0000 -0.6691
vn -0.0000 1.0000 -0.0000
vn -0.0000 -1.0000 -0.0000
vt 0.000000 0.000000
vt 1.000000 1.000000
vt 0.000000 1.000000
vt 1.000000 0.000000
s 1
usemtl ButtonMaterial
f 25/13/19 28/14/19 27/15/19
f 25/13/19 26/16/19 28/14/19
f 27/13/20 30/14/20 29/15/20
f 27/13/20 28/16/20 30/14/20
f 29/13/21 32/14/21 31/15/21
f 29/13/21 30/16/21 32/14/21
f 31/13/22 26/14/22 25/15/22
f 31/13/22 32/16/22 26/14/22
f 26/13/23 30/14/23 28/15/23
f 26/13/23 32/16/23 30/14/23
f 31/13/24 27/14/24 29/15/24
f 31/13/24 25/16/24 27/14/24
o Button4
v 0.014072 -0.087600 0.094216
v 0.014072 -0.027600 0.094216
v 0.025219 -0.087600 0.104253
v 0.025219 -0.027600 0.104253
v -0.014929 -0.087600 0.148841
v -0.014929 -0.027600 0.148841
v -0.026076 -0.087600 0.138804
v -0.026076 -0.027600 0.138804
vn 0.6691 -0.0000 -0.7431
vn 0.7431 -0.0000 0.6691
vn -0.6691 -0.0000 0.7431
vn -0.7431 -0.0000 -0.6691
vn -0.0000 1.0000 -0.0000
vn -0.0000 -1.0000 -0.0000
vt 0.000000 0.000000
vt 1.000000 1.000000
vt 0.000000 1.000000
vt 1.000000 0.000000
s 1
usemtl ButtonMaterial
f 33/17/25 36/18/25 35/19/25
f 33/17/25 34/20/25 36/18/25
f 35/17/26 38/18/26 37/19/26
f 35/17/26 36/20/26 38/18/26
f 37/17/27 40/18/27 39/19/27
f 37/17/27 38/20/27 40/18/27
f 39/17/28 34/18/28 33/19/28
f 39/17/28 40/20/28 34/18/28
f 34/17/29 38/18/29 36/19/29
f 34/17/29 40/20/29 38/18/29
f 39/17/30 35/18/30 37/19/30
f 39/17/30 33/20/30 35/18/30
o Button1
v 0.014072 -0.003000 0.094216
v 0.014072 0.057000 0.094216
v 0.025219 -0.003000 0.104253
v 0.025219 0.057000 0.104253
v -0.014929 -0.003000 0.148841
v -0.014929 0.057000 0.148841
v -0.026076 -0.003000 0.138804
v -0.026076 0.057000 0.138804
vn 0.6691 -0.0000 -0.7431
vn 0.7431 -0.0000 0.6691
vn -0.6691 -0.0000 0.7431
vn -0.7431 -0.0000 -0.6691
vn -0.0000 1.0000 -0.0000
vn -0.0000 -1.0000 -0.0000
vt 0.000000 0.000000
vt 1.000000 1.000000
vt 0.000000 1.000000
vt 1.000000 0.000000
s 1
usemtl ButtonMaterial
f 41/21/31 44/22/31 43/23/31
f 41/21/31 42/24/31 44/22/31
f 43/21/32 46/22/32 45/23/32
f 43/21/32 44/24/32 46/22/32
f 45/21/33 48/22/33 47/23/33
f 45/21/33 46/24/33 48/22/33
f 47/21/34 42/22/34 41/23/34
f 47/21/34 48/24/34 42/22/34
f 42/21/35 46/22/35 44/23/35
f 42/21/35 48/24/35 46/22/35
f 47/21/36 43/22/36 45/23/36
f 47/21/36 41/24/36 43/22/36
o Button2
v 0.071885 -0.003000 0.030008
v 0.071885 0.057000 0.030008
v 0.083032 -0.003000 0.040045
v 0.083032 0.057000 0.040045
v 0.042884 -0.003000 0.084634
v 0.042884 0.057000 0.084634
v 0.031737 -0.003000 0.074597
v 0.031737 0.057000 0.074597
vn 0.6691 -0.0000 -0.7431
vn 0.7431 -0.0000 0.6691
vn -0.6691 -0.0000 0.7431
vn -0.7431 -0.0000 -0.6691
vn -0.0000 1.0000 -0.0000
vn -0.0000 -1.0000 -0.0000
vt 0.000000 0.000000
vt 1.000000 1.000000
vt 0.000000 1.000000
vt 1.000000 0.000000
s 1
usemtl ButtonMaterial
f 49/25/37 52/26/37 51/27/37
f 49/25/37 50/28/37 52/26/37
f 51/25/38 54/26/38 53/27/38
f 51/25/38 52/28/38 54/26/38
f 53/25/39 56/26/39 55/27/39
f 53/25/39 54/28/39 56/26/39
f 55/25/40 50/26/40 49/27/40
f 55/25/40 56/28/40 50/26/40
f 50/25/41 54/26/41 52/27/41
f 50/25/41 56/28/41 54/26/41
f 55/25/42 51/26/42 53/27/42
f 55/25/42 49/28/42 51/26/42
o Button7
v 0.014072 -0.167400 0.094216
v 0.014072 -0.107400 0.094216
v 0.025219 -0.167400 0.104253
v 0.025219 -0.107400 0.104253
v -0.014929 -0.167400 0.148841
v -0.014929 -0.107400 0.148841
v -0.026076 -0.167400 0.138804
v -0.026076 -0.107400 0.138804
vn 0.6691 -0.0000 -0.7431
vn 0.7431 -0.0000 0.6691
vn -0.6691 -0.0000 0.7431
vn -0.7431 -0.0000 -0.6691
vn -0.0000 1.0000 -0.0000
vn -0.0000 -1.0000 -0.0000
vt 0.000000 0.000000
vt 1.000000 1.000000
vt 0.000000 1.000000
vt 1.000000 0.000000
s 1
usemtl ButtonMaterial
f 57/29/43 60/30/43 59/31/43
f 57/29/43 58/32/43 60/30/43
f 59/29/44 62/30/44 61/31/44
f 59/29/44 60/32/44 62/30/44
f 61/29/45 64/30/45 63/31/45
f 61/29/45 62/32/45 64/30/45
f 63/29/46 58/30/46 57/31/46
f 63/29/46 64/32/46 58/30/46
f 58/29/47 62/30/47 60/31/47
f 58/29/47 64/32/47 62/30/47
f 63/29/48 59/30/48 61/31/48
f 63/29/48 57/32/48 59/30/48
o Button_
v 0.014072 -0.253800 0.094216
v 0.014072 -0.193800 0.094216
v 0.025219 -0.253800 0.104253
v 0.025219 -0.193800 0.104253
v -0.014929 -0.253800 0.148841
v -0.014929 -0.193800 0.148841
v -0.026076 -0.253800 0.138804
v -0.026076 -0.193800 0.138804
vn 0.6691 -0.0000 -0.7431
vn 0.7431 -0.0000 0.6691
vn -0.6691 -0.0000 0.7431
vn -0.7431 -0.0000 -0.6691
vn -0.0000 1.0000 -0.0000
vn -0.0000 -1.0000 -0.0000
vt 0.000000 0.000000
vt 1.000000 1.000000
vt 0.000000 1.000000
vt 1.000000 0.000000
s 1
usemtl ButtonMaterial
f 65/33/49 68/34/49 67/35/49
f 65/33/49 66/36/49 68/34/49
f 67/33/50 70/34/50 69/35/50
f 67/33/50 68/36/50 70/34/50
f 69/33/51 72/34/51 71/35/51
f 69/33/51 70/36/51 72/34/51
f 71/33/52 66/34/52 65/35/52
f 71/33/52 72/36/52 66/34/52
f 66/33/53 70/34/53 68/35/53
f 66/33/53 72/36/53 70/34/53
f 71/33/54 67/34/54 69/35/54
f 71/33/54 65/36/54 67/34/54
o Button8
v 0.071885 -0.167400 0.030008
v 0.071885 -0.107400 0.030008
v 0.083032 -0.167400 0.040045
v 0.083032 -0.107400 0.040045
v 0.042884 -0.167400 0.084634
v 0.042884 -0.107400 0.084634
v 0.031737 -0.167400 0.074597
v 0.031737 -0.107400 0.074597
vn 0.6691 -0.0000 -0.7431
vn 0.7431 -0.0000 0.6691
vn -0.6691 -0.0000 0.7431
vn -0.7431 -0.0000 -0.6691
vn -0.0000 1.0000 -0.0000
vn -0.0000 -1.0000 -0.0000
vt 0.000000 0.000000
vt 1.000000 1.000000
vt 0.000000 1.000000
vt 1.000000 0.000000
s 1
usemtl ButtonMaterial
f 73/37/55 76/38/55 75/39/55
f 73/37/55 74/40/55 76/38/55
f 75/37/56 78/38/56 77/39/56
f 75/37/56 76/40/56 78/38/56
f 77/37/57 80/38/57 79/39/57
f 77/37/57 78/40/57 80/38/57
f 79/37/58 74/38/58 73/39/58
f 79/37/58 80/40/58 74/38/58
f 74/37/59 78/38/59 76/39/59
f 74/37/59 80/40/59 78/38/59
f 79/37/60 75/38/60 77/39/60
f 79/37/60 73/40/60 75/38/60
o Button__1
v 0.135921 -0.253800 -0.041111
v 0.135921 -0.193800 -0.041111
v 0.147068 -0.253800 -0.031074
v 0.147068 -0.193800 -0.031074
v 0.106920 -0.253800 0.013515
v 0.106920 -0.193800 0.013515
v 0.095773 -0.253800 0.003478
v 0.095773 -0.193800 0.003478
vn 0.6691 -0.0000 -0.7431
vn 0.7431 -0.0000 0.6691
vn -0.6691 -0.0000 0.7431
vn -0.7431 -0.0000 -0.6691
vn -0.0000 1.0000 -0.0000
vn -0.0000 -1.0000 -0.0000
vt 0.000000 0.000000
vt 1.000000 1.000000
vt 0.000000 1.000000
vt 1.000000 0.000000
s 1
usemtl ButtonMaterial
f 81/41/61 84/42/61 83/43/61
f 81/41/61 82/44/61 84/42/61
f 83/41/62 86/42/62 85/43/62
f 83/41/62 84/44/62 86/42/62
f 85/41/63 88/42/63 87/43/63
f 85/41/63 86/44/63 88/42/63
f 87/41/64 82/42/64 81/43/64
f 87/41/64 88/44/64 82/42/64
f 82/41/65 86/42/65 84/43/65
f 82/41/65 88/44/65 86/42/65
f 87/41/66 83/42/66 85/43/66
f 87/41/66 81/44/66 83/42/66
o Button3
v 0.135921 -0.003000 -0.041111
v 0.135921 0.057000 -0.041111
v 0.147068 -0.003000 -0.031074
v 0.147068 0.057000 -0.031074
v 0.106920 -0.003000 0.013515
v 0.106920 0.057000 0.013515
v 0.095773 -0.003000 0.003478
v 0.095773 0.057000 0.003478
vn 0.6691 -0.0000 -0.7431
vn 0.7431 -0.0000 0.6691
vn -0.6691 -0.0000 0.7431
vn -0.7431 -0.0000 -0.6691
vn -0.0000 1.0000 -0.0000
vn -0.0000 -1.0000 -0.0000
vt 0.000000 0.000000
vt 1.000000 1.000000
vt 0.000000 1.000000
vt 1.000000 0.000000
s 1
usemtl ButtonMaterial
f 89/45/67 92/46/67 91/47/67
f 89/45/67 90/48/67 92/46/67
f 91/45/68 94/46/68 93/47/68
f 91/45/68 92/48/68 94/46/68
f 93/45/69 96/46/69 95/47/69
f 93/45/69 94/48/69 96/46/69
f 95/45/70 90/46/70 89/47/70
f 95/45/70 96/48/70 90/46/70
f 90/45/71 94/46/71 92/47/71
f 90/45/71 96/48/71 94/46/71
f 95/45/72 91/46/72 93/47/72
f 95/45/72 89/48/72 91/46/72
o Screen
v 0.137437 0.081600 -0.040553
v 0.137437 0.261600 -0.040553
v 0.138551 0.081600 -0.039550
v 0.138552 0.261600 -0.039550
v -0.022040 0.081600 0.138805
v -0.022040 0.261600 0.138805
v -0.023155 0.081600 0.137802
v -0.023155 0.261600 0.137802
vn 0.6691 -0.0000 -0.7431
vn 0.7431 -0.0000 0.6691
vn -0.6691 -0.0000 0.7431
vn -0.7431 -0.0000 -0.6691
vn -0.0000 1.0000 -0.0000
vn -0.0000 -1.0000 -0.0000
vt 0.000000 0.000000
vt 1.000000 1.000000
vt 0.000000 1.000000
vt 1.000000 0.000000
s 1
usemtl Blue
f 97/49/73 100/50/73 99/51/73
f 97/49/73 98/52/73 100/50/73
f 99/49/74 102/50/74 101/51/74
f 99/49/74 100/52/74 102/50/74
f 101/49/75 104/50/75 103/51/75
f 101/49/75 102/52/75 104/50/75
f 103/49/76 98/50/76 97/51/76
f 103/49/76 104/52/76 98/50/76
f 98/49/77 102/50/77 100/51/77
f 98/49/77 104/52/77 102/50/77
f 103/49/78 99/50/78 101/51/78
f 103/49/78 97/52/78 99/50/78
o Button0
v 0.071885 -0.253800 0.030008
v 0.071885 -0.193800 0.030008
v 0.083032 -0.253800 0.040045
v 0.083032 -0.193800 0.040045
v 0.042884 -0.253800 0.084634
v 0.042884 -0.193800 0.084634
v 0.031737 -0.253800 0.074597
v 0.031737 -0.193800 0.074597
vn 0.6691 -0.0000 -0.7431
vn 0.7431 -0.0000 0.6691
vn -0.6691 -0.0000 0.7431
vn -0.7431 -0.0000 -0.6691
vn -0.0000 1.0000 -0.0000
vn -0.0000 -1.0000 -0.0000
vt 0.000000 0.000000
vt 1.000000 1.000000
vt 0.000000 1.000000
vt 1.000000 0.000000
s 1
usemtl ButtonMaterial
f 105/53/79 108/54/79 107/55/79
f 105/53/79 106/56/79 108/54/79
f 107/53/80 110/54/80 109/55/80
f 107/53/80 108/56/80 110/54/80
f 109/53/81 112/54/81 111/55/81
f 109/53/81 110/56/81 112/54/81
f 111/53/82 106/54/82 105/55/82
f 111/53/82 112/56/82 106/54/82
f 106/53/83 110/54/83 108/55/83
f 106/53/83 112/56/83 110/54/83
f 111/53/84 107/54/84 109/55/84
f 111/53/84 105/56/84 107/54/84
